0.7305156588554382
0.6521402597427368
0.9209293127059937
0.8980952501296997
0.9104960560798645
0.9092888832092285
0.002462913980707526
0.8388330340385437
0.8541106581687927
0.8376455307006836
0.7732154130935669
0.7513340711593628
0.1599380224943161
0.9202578067779541
0.8672287464141846
0.8879919052124023
0.9357804656028748
0.7424371242523193
0.11540967226028442
0.7683369517326355
0.9208102822303772
0.9364278316497803
0.011350948363542557
0.9224812388420105
0.0014371431898325682
0.7411563396453857
0.850518524646759
0.7260522842407227
0.783979058265686
0.5905880928039551
0.9165675044059753
0.7542586922645569
0.5442823171615601
0.31561896204948425
0.3550321161746979
0.849481463432312
0.29191142320632935
0.735429048538208
0.8340506553649902
0.762180507183075
0.8194747567176819
0.0
0.0
0.0
0.0
0.0
0.0
0.0
